cam0:
  cam_overlaps: [1]
  camera_model: pinhole
  distortion_coeffs: [0.007017508922248575, -0.002598448110748391, -0.0014755213248257705,
    0.0006640775125219394]
  distortion_model: radtan
  intrinsics: [431.3873911369959, 430.2496176152663, 427.4407802012019, 238.52694867508183]
  resolution: [848, 480]
  rostopic: /camera/infra1/image_rect_raw
cam1:
  T_cn_cnm1:
  - [0.9999987343688114, 2.0470140414817332e-05, 0.0015908619477023763, -0.050043625246917856]
  - [-2.0464443404942313e-05, 0.9999999997841267, -3.59736173346813e-06, 1.4526862997283583e-05]
  - [-0.0015908620209974611, 3.5648010762411133e-06, 0.9999987345718545, 0.00016306266977439372]
  - [0.0, 0.0, 0.0, 1.0]
  cam_overlaps: [0]
  camera_model: pinhole
  distortion_coeffs: [0.007925673974579087, -0.0036215088874331737, -0.001422629239660213,
    0.0002909310193082525]
  distortion_model: radtan
  intrinsics: [431.4435041724946, 430.32814097594184, 427.28683910723333, 238.38215822538055]
  resolution: [848, 480]
  rostopic: /camera/infra2/image_rect_raw
