cam0:
  T_cam_imu:
  - [0.9999939502115871, 0.0030115382751228314, 0.0017407404872137112, 0.005856600714844551]
  - [-0.0030140392894640352, 0.9999944268351256, 0.0014359198622239905, 0.017379823476871097]
  - [-0.0017364064581548752, -0.0014411578354338686, 0.9999974539751119, -0.015955663353945555]
  - [0.0, 0.0, 0.0, 1.0]
  cam_overlaps: [1]
  camera_model: pinhole
  distortion_coeffs: [0.007017508922248575, -0.002598448110748391, -0.0014755213248257705,
    0.0006640775125219394]
  distortion_model: radtan
  intrinsics: [431.3873911369959, 430.2496176152663, 427.4407802012019, 238.52694867508183]
  resolution: [848, 480]
  rostopic: /camera/infra1/image_rect_raw
  timeshift_cam_imu: 0.01379378638037798
cam1:
  T_cam_imu:
  - [0.9999898605072938, 0.003029711806796407, 0.0033316255748877424, -0.044212059434622974]
  - [-0.003034497361930646, 0.9999943701741709, 0.0014322868860543432, 0.017394287882335553]
  - [-0.0033272674019266288, -0.0014423821724098462, 0.9999934243910332, -0.015801835581461726]
  - [0.0, 0.0, 0.0, 1.0]
  T_cn_cnm1:
  - [0.999998734368814, 2.0470140414817332e-05, 0.0015908619477023763, -0.050043625246917856]
  - [-2.0464443404942313e-05, 0.9999999997841293, -3.59736173346813e-06, 1.4526862997283583e-05]
  - [-0.0015908620209974611, 3.5648010762411133e-06, 0.9999987345718572, 0.00016306266977439372]
  - [0.0, 0.0, 0.0, 1.0]
  cam_overlaps: [0]
  camera_model: pinhole
  distortion_coeffs: [0.007925673974579087, -0.0036215088874331737, -0.001422629239660213,
    0.0002909310193082525]
  distortion_model: radtan
  intrinsics: [431.4435041724946, 430.32814097594184, 427.28683910723333, 238.38215822538055]
  resolution: [848, 480]
  rostopic: /camera/infra2/image_rect_raw
  timeshift_cam_imu: 0.0137938633416457
